0
0
0
0
0
0
0
0
0
0.170771
0.174199
0.139281
0.262789
0.438915
0.623165
0.496812
0.280084
0.32307
0.385852
0.695654
0.637704
0.745429
0.709775
0.753786
0.477271
0.356522
0.489801
0.376161
0
0
0.312148
0.307521
0.418898
0.348355
0.313583
0.249126
0.549506
0.687611
0.737158
0.692716
0.653156
0.718036
0.649514
0.673765
0.671405
0.594256
0.36766
0
0
0.216642
0.242151
0.250832
0.539746
0.696769
0.630494
0.326509
0.367436
0.445704
0.455845
0.353508
0.384577
0.447023
0.341239
0.442175
0.608396
0.580624
0.63855
0.648578
0.657148
0.677571
0.626455
0.613135
0.633077
0.737231
0.725041
0.598337
0.333811
0.363406
0.359403
0.401104
0.388075
0.492202
0.464406
0.344331
0.390882
0.310048
0.403409
0.588622
0.658849
0.619302
0.563999
0.563404
0.579368
0.573215
0.615776
0.608691
0.540042
0.258204
0.256616
0.185407
0.236725
0.121101
0.175025
0.152362
0.194741
0.228508
0.28111
0.198579
0.169771
0.229593
0
0
0
0
0
0
0
0
0
0
0
0
0
0
0
0
0
0
0
0
0
0
