0
0
0
0
0
0
0
0
0
0.964865
0.96377
0.958853
0.965305
0.97134
0.978493
0.980026
0.726548
0.594678
0.752464
0.952008
0.979864
0.973282
0.961688
0.949795
0.933873
0.934527
0.972258
0.971314
0
0
0.541302
0.56277
0.554372
0.565632
0.573963
0.659005
0.907445
0.981086
0.983136
0.975564
0.982457
0.981661
0.974497
0.970134
0.972408
0.97176
0.959972
0.874267
0.496257
0.0956547
0.067318
0.839813
0.925138
0.926903
0.93576
0.88792
0.444993
0.364043
0.376137
0.383427
0.407313
0.465691
0.632925
0.957589
0.966992
0.972399
0.987513
0.990676
0.974893
0.944666
0.919389
0.938235
0.946115
0.963747
0.973064
0.976063
0.808381
0.492007
0.448976
0.445544
0.44324
0.428616
0.426648
0.435362
0.433535
0.435754
0.969524
0.9767
0.969636
0.972984
0.968819
0.97583
0.972936
0.97759
0.981224
0.973677
0.969263
0.862167
0.653571
0.577396
0.496465
0.358423
0.349736
0.419742
0.247985
0.290984
0
0
0
0
0
0
0
0
0
0
0
0
0
0
0
0
0
0
0
0
0
0
0
0
0
0
