-100
-100
-100
-100
-100
-100
-100
-100
-100
-37.9408
-37.8952
-31.2879
-27.9449
-28.2976
-28.1406
-30.1812
-37.2423
-36.5426
-36.8378
-32.895
-28.4697
-26.3141
-24.5167
-24.1699
-26.0748
-29.5747
-35.5946
-42.7314
-100
-100
-44.9892
-37.686
-36.2256
-37.6267
-39.9839
-42.3576
-39.5361
-35.9655
-33.6843
-31.7641
-27.5967
-25.6916
-26.2367
-27.2953
-28.0399
-30.895
-39.8814
-51.7335
-59.9312
-50.8111
-48.2176
-42.2069
-32.4218
-29.0785
-30.5194
-36.3317
-36.5136
-34.2647
-33.3589
-33.0329
-32.9152
-34.6775
-40.0977
-34.7202
-32.5117
-34.959
-39.2107
-39.1476
-36.755
-33.8552
-31.7827
-31.0367
-29.8357
-29.0527
-30.2759
-34.1939
-40.3919
-36.6942
-32.8736
-31.5255
-30.3843
-28.5584
-28.892
-30.9042
-33.3561
-39.101
-30.3378
-25.7497
-24.2996
-24.8723
-25.4572
-25.5945
-27.5701
-29.1907
-30.5871
-34.0055
-36.7485
-44.9796
-46.9707
-47.1435
-48.008
-50.2954
-52.5212
-56.3295
-61.3544
-62.0488
-62.5748
-61.0653
-60.5469
-61.8579
-100
-100
-100
-100
-100
-100
-100
-100
-100
-69.3991
-69.3991
-100
-100
-100
-100
-100
-100
-100
-100
-100
-100
-100
